1. ORIGINAL:
		Class     Images  Instances      Box(P          R      mAP50  mAP50-95):
                   all       1350       1350      0.987      0.997      0.995      0.994
                     A        104        104      0.995          1      0.995      0.995
                     B         54         54      0.991          1      0.995      0.995
                     C         43         43      0.989          1      0.995      0.995
                     D         60         60      0.901          1      0.993      0.989
                     E         52         52       0.99          1      0.995      0.995
                     F         46         46          1       0.93      0.995      0.983
                     G         58         58       0.99          1      0.995      0.995
                     H         59         59       0.99          1      0.995      0.995
                     I         50         50       0.99          1      0.995      0.995
                     J         46         46       0.99          1      0.995      0.995
                     K         47         47       0.99          1      0.995      0.995
                     L         53         53       0.99          1      0.995      0.995
                     M         47         47      0.982          1      0.995      0.995
                     N         38         38      0.987          1      0.995      0.995
                     O         48         48       0.99          1      0.995      0.995
                     P         48         48       0.99          1      0.995      0.995
                     Q         52         52      0.991          1      0.995      0.995
                     R         46         46       0.99          1      0.995      0.995
                     S         59         59      0.992          1      0.995      0.995
                     T         38         38      0.987          1      0.995      0.995
                     U         41         41      0.988          1      0.995      0.995
                     V         42         42      0.989          1      0.995      0.995
                     W         46         46      0.989          1      0.995      0.995
                     X         58         58      0.998          1      0.995      0.995
                     Y         58         58      0.992          1      0.995      0.995
                     Z         57         57      0.991          1      0.995      0.995

csv format:

Class,Images,Instances,Box(P),Box(R),mAP50,mAP50-95
all,1350,1350,0.987,0.997,0.995,0.994
A,104,104,0.995,1,0.995,0.995
B,54,54,0.991,1,0.995,0.995
C,43,43,0.989,1,0.995,0.995
D,60,60,0.901,1,0.993,0.989
E,52,52,0.99,1,0.995,0.995
F,46,46,1,0.93,0.995,0.983
G,58,58,0.99,1,0.995,0.995
H,59,59,0.99,1,0.995,0.995
I,50,50,0.99,1,0.995,0.995
J,46,46,0.99,1,0.995,0.995
K,47,47,0.99,1,0.995,0.995
L,53,53,0.99,1,0.995,0.995
M,47,47,0.982,1,0.995,0.995
N,38,38,0.987,1,0.995,0.995
O,48,48,0.99,1,0.995,0.995
P,48,48,0.99,1,0.995,0.995
Q,52,52,0.991,1,0.995,0.995
R,46,46,0.99,1,0.995,0.995
S,59,59,0.992,1,0.995,0.995
T,38,38,0.987,1,0.995,0.995
U,41,41,0.988,1,0.995,0.995
V,42,42,0.989,1,0.995,0.995
W,46,46,0.989,1,0.995,0.995
X,58,58,0.998,1,0.995,0.995
Y,58,58,0.992,1,0.995,0.995
Z,57,57,0.991,1,0.995,0.995

2. SMOTE:
 		Class     Images  Instances      Box(P          R      mAP50  mAP50-95):
                   all       2600       2600      0.987       0.99      0.992      0.989
                     A        119        119      0.996          1      0.995      0.995
                     B        106        106      0.946      0.997      0.995      0.992
                     C        102        102      0.987          1      0.995      0.993
                     D        111        111          1          1      0.995      0.995
                     E        104        104          1      0.926      0.994      0.989
                     F         95         95      0.966      0.947      0.982      0.934
                     G         98         98       0.99      0.987      0.994      0.994
                     H        102        102      0.978      0.961      0.975      0.975
                     I        118        118          1      0.986      0.995      0.995
                     J         96         96      0.993          1      0.995      0.994
                     K         93         93      0.983          1      0.994      0.992
                     L         92         92      0.995          1      0.995      0.995
                     M        114        114      0.995          1      0.995      0.995
                     N        101        101      0.996          1      0.995      0.993
                     O        102        102          1      0.994      0.995      0.995
                     P         89         89      0.984          1      0.995      0.993
                     Q        108        108      0.988          1      0.995      0.995
                     R         90         90      0.995          1      0.995      0.994
                     S         82         82      0.996          1      0.995      0.993
                     T         87         87      0.994          1      0.995      0.993
                     U        100        100       0.99      0.998      0.995      0.995
                     V         98         98      0.986          1      0.995      0.995
                     W        103        103          1       0.99      0.995      0.995
                     X         92         92      0.958          1      0.995      0.991
                     Y        109        109      0.979          1      0.995      0.994
                     Z         89         89      0.976      0.955      0.955      0.955

csv format:

Class,Images,Instances,Box(P),Box(R),mAP50,mAP50-95
all,2600,2600,0.987,0.99,0.992,0.989
A,119,119,0.996,1,0.995,0.995
B,106,106,0.946,0.997,0.995,0.992
C,102,102,0.987,1,0.995,0.993
D,111,111,1,1,0.995,0.995
E,104,104,1,0.926,0.994,0.989
F,95,95,0.966,0.947,0.982,0.934
G,98,98,0.99,0.987,0.994,0.994
H,102,102,0.978,0.961,0.975,0.975
I,118,118,1,0.986,0.995,0.995
J,96,96,0.993,1,0.995,0.994
K,93,93,0.983,1,0.994,0.992
L,92,92,0.995,1,0.995,0.995
M,114,114,0.995,1,0.995,0.995
N,101,101,0.996,1,0.995,0.993
O,102,102,1,0.994,0.995,0.995
P,89,89,0.984,1,0.995,0.993
Q,108,108,0.988,1,0.995,0.995
R,90,90,0.995,1,0.995,0.994
S,82,82,0.996,1,0.995,0.993
T,87,87,0.994,1,0.995,0.993
U,100,100,0.99,0.998,0.995,0.995
V,98,98,0.986,1,0.995,0.995
W,103,103,1,0.99,0.995,0.995
X,92,92,0.958,1,0.995,0.991
Y,109,109,0.979,1,0.995,0.994
Z,89,89,0.976,0.955,0.955,0.955

3. ADASYN:
                 Class     Images  Instances      Box(P          R      mAP50  mAP50-95):
                   all       2610       2610      0.973      0.992       0.99      0.987
                     A        108        108      0.987          1      0.995      0.995
                     B         84         84      0.995          1      0.995      0.995
                     C         94         94      0.995          1      0.995      0.995
                     D        112        112      0.939          1       0.98      0.976
                     E        104        104      0.976          1      0.995      0.994
                     F        110        110      0.895      0.934      0.968      0.952
                     G        100        100       0.99      0.988      0.995      0.995
                     H         84         84      0.994          1      0.995      0.995
                     I        105        105      0.757      0.971      0.948      0.895
                     J         94         94      0.995          1      0.995      0.995
                     K         87         87      0.976      0.989      0.985      0.984
                     L        111        111      0.995          1      0.995      0.995
                     M         88         88      0.984          1      0.995      0.995
                     N        106        106       0.99      0.963      0.993      0.985
                     O        104        104      0.916      0.939      0.972      0.972
                     P         98         98      0.995          1      0.995      0.995
                     Q        108        108      0.993          1      0.995      0.995
                     R         77         77      0.994          1      0.995      0.995
                     S         92         92      0.995          1      0.995      0.995
                     T         95         95      0.993          1      0.995      0.995
                     U        124        124      0.988          1      0.993      0.993
                     V        116        116      0.981          1      0.995      0.995
                     W         97         97      0.995          1      0.995      0.995
                     X        109        109      0.987          1      0.995      0.995
                     Y         95         95      0.995          1      0.995      0.995
                     Z        108        108      0.992          1      0.995      0.995

csv format:

Class,Images,Instances,Box(P),Box(R),mAP50,mAP50-95
all,2610,2610,0.973,0.992,0.99,0.987
A,108,108,0.987,1,0.995,0.995
B,84,84,0.995,1,0.995,0.995
C,94,94,0.995,1,0.995,0.995
D,112,112,0.939,1,0.98,0.976
E,104,104,0.976,1,0.995,0.994
F,110,110,0.895,0.934,0.968,0.952
G,100,100,0.99,0.988,0.995,0.995
H,84,84,0.994,1,0.995,0.995
I,105,105,0.757,0.971,0.948,0.895
J,94,94,0.995,1,0.995,0.995
K,87,87,0.976,0.989,0.985,0.984
L,111,111,0.995,1,0.995,0.995
M,88,88,0.984,1,0.995,0.995
N,106,106,0.99,0.963,0.993,0.985
O,104,104,0.916,0.939,0.972,0.972
P,98,98,0.995,1,0.995,0.995
Q,108,108,0.993,1,0.995,0.995
R,77,77,0.994,1,0.995,0.995
S,92,92,0.995,1,0.995,0.995
T,95,95,0.993,1,0.995,0.995
U,124,124,0.988,1,0.993,0.993
V,116,116,0.981,1,0.995,0.995
W,97,97,0.995,1,0.995,0.995
X,109,109,0.987,1,0.995,0.995
Y,95,95,0.995,1,0.995,0.995
Z,108,108,0.992,1,0.995,0.995

4. AUGMENTATION:
                Class     Images  Instances      Box(P          R      mAP50  mAP50-95):
                   all       2601       2601      0.993      0.995      0.995      0.994
                     A        128        128      0.998          1      0.995      0.995
                     B        104        104      0.992          1      0.995      0.995
                     C         90         90      0.996          1      0.995      0.995
                     D         95         95      0.997          1      0.995      0.995
                     E         96         96          1      0.964      0.995       0.99
                     F         92         92      0.972      0.978      0.991       0.98
                     G         91         91          1      0.938      0.994      0.994
                     H        112        112          1      0.994      0.995      0.995
                     I        101        101          1      0.999      0.995      0.992
                     J        109        109      0.998          1      0.995      0.995
                     K        114        114      0.997          1      0.995      0.995
                     L         94         94      0.997          1      0.995      0.995
                     M         82         82      0.987          1      0.995      0.995
                     N        102        102      0.901          1      0.993      0.993
                     O         98         98          1          1      0.995      0.993
                     P        101        101      0.998          1      0.995      0.995
                     Q        109        109      0.998          1      0.995      0.995
                     R         93         93      0.997          1      0.995      0.995
                     S        102        102      0.997          1      0.995      0.995
                     T         87         87      0.998          1      0.995      0.995
                     U         94         94      0.997          1      0.995      0.995
                     V         84         84      0.997          1      0.995      0.995
                     W        119        119      0.998          1      0.995      0.995
                     X        101        101      0.997          1      0.995      0.995
                     Y        108        108      0.997          1      0.995      0.995
                     Z         95         95      0.998          1      0.995      0.994

csv format:
Class,Images,Instances,Box(P),Box(R),mAP50,mAP50-95
all,2601,2601,0.993,0.995,0.995,0.994
A,128,128,0.998,1,0.995,0.995
B,104,104,0.992,1,0.995,0.995
C,90,90,0.996,1,0.995,0.995
D,95,95,0.997,1,0.995,0.995
E,96,96,1,0.964,0.995,0.99
F,92,92,0.972,0.978,0.991,0.98
G,91,91,1,0.938,0.994,0.994
H,112,112,1,0.994,0.995,0.995
I,101,101,1,0.999,0.995,0.992
J,109,109,0.998,1,0.995,0.995
K,114,114,0.997,1,0.995,0.995
L,94,94,0.997,1,0.995,0.995
M,82,82,0.987,1,0.995,0.995
N,102,102,0.901,1,0.993,0.993
O,98,98,1,1,0.995,0.993
P,101,101,0.998,1,0.995,0.995
Q,109,109,0.998,1,0.995,0.995
R,93,93,0.997,1,0.995,0.995
S,102,102,0.997,1,0.995,0.995
T,87,87,0.998,1,0.995,0.995
U,94,94,0.997,1,0.995,0.995
V,84,84,0.997,1,0.995,0.995
W,119,119,0.998,1,0.995,0.995
X,101,101,0.997,1,0.995,0.995
Y,108,108,0.997,1,0.995,0.995
Z,95,95,0.998,1,0.995,0.994

5. AUTOENCODER:
                Class     Images  Instances      Box(P          R      mAP50  mAP50-95):
                   all       2601       2601      0.925      0.908      0.963      0.944
                     A         94         94      0.906      0.989      0.978      0.932
                     B        106        106      0.972      0.978      0.993      0.993
                     C         94         94        0.8          1      0.992      0.977
                     D         98         98      0.808       0.99      0.989      0.931
                     E        123        123      0.965      0.984      0.987      0.948
                     F        110        110       0.99      0.921      0.987      0.924
                     G         83         83      0.963          1      0.977      0.962
                     H         95         95      0.814      0.989      0.959       0.89
                     I        100        100      0.977       0.96      0.983      0.956
                     J         96         96      0.991          1      0.995      0.995
                     K        100        100      0.976      0.831      0.979      0.935
                     L        100        100      0.955          1      0.995      0.994
                     M        112        112      0.918          1      0.994      0.994
                     N         99         99      0.995          1      0.995      0.994
                     O        103        103          1      0.976      0.995      0.985
                     P         96         96          1      0.993      0.995      0.995
                     Q        112        112          1      0.595       0.85      0.849
                     R        115        115          1      0.875      0.987      0.987
                     S         93         93      0.989      0.973      0.994      0.994
                     T        110        110      0.989      0.982      0.994      0.975
                     U         95         95      0.891      0.905      0.957      0.914
                     V        102        102      0.966      0.282      0.877      0.827
                     W        102        102      0.974       0.98      0.994      0.992
                     X         88         88      0.286      0.636      0.641       0.64
                     Y         82         82      0.973      0.887      0.985      0.985
                     Z         93         93      0.949      0.882      0.976      0.976

csv format:

Class,Images,Instances,Box(P),Box(R),mAP50,mAP50-95
all,2601,2601,0.925,0.908,0.963,0.944
A,94,94,0.906,0.989,0.978,0.932
B,106,106,0.972,0.978,0.993,0.993
C,94,94,0.8,1,0.992,0.977
D,98,98,0.808,0.99,0.989,0.931
E,123,123,0.965,0.984,0.987,0.948
F,110,110,0.99,0.921,0.987,0.924
G,83,83,0.963,1,0.977,0.962
H,95,95,0.814,0.989,0.959,0.89
I,100,100,0.977,0.96,0.983,0.956
J,96,96,0.991,1,0.995,0.995
K,100,100,0.976,0.831,0.979,0.935
L,100,100,0.955,1,0.995,0.994
M,112,112,0.918,1,0.994,0.994
N,99,99,0.995,1,0.995,0.994
O,103,103,1,0.976,0.995,0.985
P,96,96,1,0.993,0.995,0.995
Q,112,112,1,0.595,0.85,0.849
R,115,115,1,0.875,0.987,0.987
S,93,93,0.989,0.973,0.994,0.994
T,110,110,0.989,0.982,0.994,0.975
U,95,95,0.891,0.905,0.957,0.914
V,102,102,0.966,0.282,0.877,0.827
W,102,102,0.974,0.98,0.994,0.992
X,88,88,0.286,0.636,0.641,0.64
Y,82,82,0.973,0.887,0.985,0.985
Z,93,93,0.949,0.882,0.976,0.976

6. DGAN:
                 Class     Images  Instances      Box(P          R      mAP50  mAP50-95):
                   all       2598       2598      0.997      0.997      0.995      0.995
                     A         97         97      0.989          1      0.993      0.993
                     B         98         98      0.998          1      0.995      0.995
                     C        111        111      0.989          1      0.995      0.993
                     D        109        109       0.98          1      0.995      0.995
                     E         99         99          1      0.989      0.995      0.995
                     F         82         82      0.998          1      0.995      0.995
                     G        117        117          1      0.944      0.995      0.995
                     H        107        107      0.998          1      0.995      0.995
                     I         93         93      0.998          1      0.995      0.995
                     J         91         91      0.998          1      0.995      0.995
                     K         86         86      0.998          1      0.995      0.995
                     L        118        118      0.992          1      0.995      0.995
                     M        112        112      0.998          1      0.995      0.995
                     N        109        109          1          1      0.995      0.995
                     O         96         96      0.998          1      0.995      0.995
                     P         85         85      0.998          1      0.995      0.995
                     Q         84         84          1      0.997      0.995      0.995
                     R        109        109      0.998          1      0.995      0.995
                     S         84         84      0.998          1      0.995      0.995
                     T        109        109          1      0.993      0.995      0.995
                     U         87         87      0.996          1      0.995      0.995
                     V        103        103      0.998          1      0.995      0.995
                     W        105        105      0.998          1      0.995      0.995
                     X        110        110      0.999          1      0.995      0.995
                     Y        111        111      0.998          1      0.995      0.995
                     Z         86         86      0.999          1      0.995      0.995

csv format:

Class,Images,Instances,Box(P),Box(R),mAP50,mAP50-95
all,2598,2598,0.997,0.997,0.995,0.995
A,97,97,0.989,1,0.993,0.993
B,98,98,0.998,1,0.995,0.995
C,111,111,0.989,1,0.995,0.993
D,109,109,0.98,1,0.995,0.995
E,99,99,1,0.989,0.995,0.995
F,82,82,0.998,1,0.995,0.995
G,117,117,1,0.944,0.995,0.995
H,107,107,0.998,1,0.995,0.995
I,93,93,0.998,1,0.995,0.995
J,91,91,0.998,1,0.995,0.995
K,86,86,0.998,1,0.995,0.995
L,118,118,0.992,1,0.995,0.995
M,112,112,0.998,1,0.995,0.995
N,109,109,1,1,0.995,0.995
O,96,96,0.998,1,0.995,0.995
P,85,85,0.998,1,0.995,0.995
Q,84,84,1,0.997,0.995,0.995
R,109,109,0.998,1,0.995,0.995
S,84,84,0.998,1,0.995,0.995
T,109,109,1,0.993,0.995,0.995
U,87,87,0.996,1,0.995,0.995
V,103,103,0.998,1,0.995,0.995
W,105,105,0.998,1,0.995,0.995
X,110,110,0.999,1,0.995,0.995
Y,111,111,0.998,1,0.995,0.995
Z,86,86,0.999,1,0.995,0.995