1. Imbalanced:
                Class     Images  Instances   Precision      Recall     mAP50   mAP50-95
                   all       1350       1350      0.952      0.975      0.989      0.963
                     A         89         89      0.952      0.978      0.985       0.95
                     B         54         54      0.951          1      0.995      0.924
                     C         50         50      0.947       0.98      0.993       0.94
                     D         56         56      0.914      0.964      0.985      0.947
                     E         66         66      0.996      0.955      0.994      0.984
                     F         44         44      0.981          1      0.995      0.989
                     G         67         67      0.967          1      0.995      0.976
                     H         50         50      0.874      0.972      0.975      0.911
                     I         48         48          1      0.927      0.992      0.965
                     J         45         45      0.981          1      0.995      0.983
                     K         42         42      0.949      0.881      0.985       0.91
                     L         48         48      0.984      0.917      0.961      0.896
                     M         45         45      0.945          1      0.988      0.964
                     N         51         51      0.865      0.961      0.979      0.941
                     O         53         53      0.925          1      0.995      0.986
                     P         47         47      0.964          1      0.995      0.993
                     Q         45         45      0.946      0.978      0.993      0.976
                     R         49         49      0.942      0.995      0.992      0.991
                     S         58         58       0.93      0.983      0.993      0.958
                     T         49         49      0.922      0.969      0.987      0.969
                     U         52         52       0.98       0.96      0.989      0.978
                     V         49         49      0.973          1      0.995      0.995
                     W         41         41      0.952      0.968      0.989      0.975
                     X         45         45      0.973      0.956      0.972      0.957
                     Y         55         55          1          1      0.995      0.993
                     Z         52         52      0.939          1      0.994      0.983
csv format:

Class,Images,Instances,Precision,Recall,mAP50,mAP50-95
all,1350,1350,0.952,0.975,0.989,0.963
A,89,89,0.952,0.978,0.985,0.95
B,54,54,0.951,1,0.995,0.924
C,50,50,0.947,0.98,0.993,0.94
D,56,56,0.914,0.964,0.985,0.947
E,66,66,0.996,0.955,0.994,0.984
F,44,44,0.981,1,0.995,0.989
G,67,67,0.967,1,0.995,0.976
H,50,50,0.874,0.972,0.975,0.911
I,48,48,1,0.927,0.992,0.965
J,45,45,0.981,1,0.995,0.983
K,42,42,0.949,0.881,0.985,0.91
L,48,48,0.984,0.917,0.961,0.896
M,45,45,0.945,1,0.988,0.964
N,51,51,0.865,0.961,0.979,0.941
O,53,53,0.925,1,0.995,0.986
P,47,47,0.964,1,0.995,0.993
Q,45,45,0.946,0.978,0.993,0.976
R,49,49,0.942,0.995,0.992,0.991
S,58,58,0.93,0.983,0.993,0.958
T,49,49,0.922,0.969,0.987,0.969
U,52,52,0.98,0.96,0.989,0.978
V,49,49,0.973,1,0.995,0.995
W,41,41,0.952,0.968,0.989,0.975
X,45,45,0.973,0.956,0.972,0.957
Y,55,55,1,1,0.995,0.993
Z,52,52,0.939,1,0.994,0.983

2. SMOTE:
                 Class     Images  Instances   Precision     Recall     mAP50    mAP50-95
                   all       2600       2600      0.861      0.816      0.901      0.869
                     A        109        109      0.887      0.963      0.981      0.972
                     B         91         91      0.958      0.743       0.85      0.831
                     C        105        105      0.965      0.791      0.969      0.961
                     D        111        111      0.702      0.604      0.724      0.633
                     E         92         92      0.964      0.891      0.949      0.935
                     F        100        100        0.7      0.537      0.695      0.639
                     G        106        106       0.99      0.906      0.992      0.988
                     H         98         98      0.869      0.877      0.899      0.888
                     I         92         92      0.687      0.848      0.869      0.835
                     J        104        104      0.873      0.731      0.906      0.824
                     K         88         88      0.802      0.898      0.891      0.866
                     L        100        100      0.823      0.465      0.683      0.495
                     M        114        114      0.933      0.544      0.856      0.834
                     N        123        123      0.935      0.764      0.926       0.91
                     O        109        109      0.883      0.963      0.981      0.981
                     P         88         88       0.97      0.737      0.918      0.848
                     Q         97         97      0.714      0.948      0.928      0.907
                     R         94         94      0.975      0.829      0.947      0.946
                     S         94         94      0.887      0.872      0.939      0.909
                     T         99         99      0.671      0.869      0.838      0.767
                     U         93         93      0.708      0.914      0.922      0.916
                     V         97         97      0.843      0.845      0.926      0.907
                     W        106        106      0.948       0.83      0.975      0.973
                     X         85         85      0.842      0.953      0.949      0.946
                     Y        107        107      0.974      0.944      0.972      0.969
                     Z         98         98      0.885      0.939      0.935      0.905

csv format:
Class,Images,Instances,Precision,Recall,mAP50,mAP50-95
all,2600,2600,0.861,0.816,0.901,0.869
A,109,109,0.887,0.963,0.981,0.972
B,91,91,0.958,0.743,0.85,0.831
C,105,105,0.965,0.791,0.969,0.961
D,111,111,0.702,0.604,0.724,0.633
E,92,92,0.964,0.891,0.949,0.935
F,100,100,0.7,0.537,0.695,0.639
G,106,106,0.99,0.906,0.992,0.988
H,98,98,0.869,0.877,0.899,0.888
I,92,92,0.687,0.848,0.869,0.835
J,104,104,0.873,0.731,0.906,0.824
K,88,88,0.802,0.898,0.891,0.866
L,100,100,0.823,0.465,0.683,0.495
M,114,114,0.933,0.544,0.856,0.834
N,123,123,0.935,0.764,0.926,0.91
O,109,109,0.883,0.963,0.981,0.981
P,88,88,0.97,0.737,0.918,0.848
Q,97,97,0.714,0.948,0.928,0.907
R,94,94,0.975,0.829,0.947,0.946
S,94,94,0.887,0.872,0.939,0.909
T,99,99,0.671,0.869,0.838,0.767
U,93,93,0.708,0.914,0.922,0.916
V,97,97,0.843,0.845,0.926,0.907
W,106,106,0.948,0.83,0.975,0.973
X,85,85,0.842,0.953,0.949,0.946
Y,107,107,0.974,0.944,0.972,0.969
Z,98,98,0.885,0.939,0.935,0.905


3. ADASYN:
                Class     Images  Instances   Precision      Recall      mAP50    mAP50-95
                   all       2610       2610      0.975      0.976      0.989      0.984
                     A        101        101       0.85      0.941      0.975      0.975
                     B        116        116      0.991      0.948      0.959      0.948
                     C        115        115      0.998          1      0.995      0.995
                     D        107        107      0.998          1      0.995      0.995
                     E        104        104       0.99      0.959      0.995      0.994
                     F        115        115          1      0.975      0.995      0.991
                     G         96         96      0.959      0.927      0.986      0.979
                     H        112        112          1      0.766      0.955      0.955
                     I         98         98      0.997          1      0.995      0.995
                     J         97         97      0.997          1      0.995      0.995
                     K        110        110      0.996          1      0.995      0.995
                     L         98         98      0.997          1      0.995      0.995
                     M         94         94      0.998          1      0.995      0.995
                     N         89         89      0.997          1      0.995      0.995
                     O        100        100      0.982       0.99      0.995      0.995
                     P        106        106       0.94          1      0.992      0.979
                     Q        100        100      0.842       0.96      0.966      0.946
                     R         76         76      0.992          1      0.995      0.995
                     S        106        106      0.997          1      0.995      0.995
                     T         97         97      0.987          1      0.995      0.995
                     U         90         90          1      0.991      0.995      0.995
                     V         92         92      0.979      0.998      0.994      0.983
                     W        103        103      0.998       0.99      0.995      0.995
                     X         99         99      0.903      0.949      0.982      0.933
                     Y         77         77      0.997          1      0.995      0.995
                     Z        112        112      0.965      0.972      0.993      0.983
csv format:
Class,Images,Instances,Precision,Recall,mAP50,mAP50-95
all,2610,2610,0.975,0.976,0.989,0.984
A,101,101,0.85,0.941,0.975,0.975
B,116,116,0.991,0.948,0.959,0.948
C,115,115,0.998,1,0.995,0.995
D,107,107,0.998,1,0.995,0.995
E,104,104,0.99,0.959,0.995,0.994
F,115,115,1,0.975,0.995,0.991
G,96,96,0.959,0.927,0.986,0.979
H,112,112,1,0.766,0.955,0.955
I,98,98,0.997,1,0.995,0.995
J,97,97,0.997,1,0.995,0.995
K,110,110,0.996,1,0.995,0.995
L,98,98,0.997,1,0.995,0.995
M,94,94,0.998,1,0.995,0.995
N,89,89,0.997,1,0.995,0.995
O,100,100,0.982,0.99,0.995,0.995
P,106,106,0.94,1,0.992,0.979
Q,100,100,0.842,0.96,0.966,0.946
R,76,76,0.992,1,0.995,0.995
S,106,106,0.997,1,0.995,0.995
T,97,97,0.987,1,0.995,0.995
U,90,90,1,0.991,0.995,0.995
V,92,92,0.979,0.998,0.994,0.983
W,103,103,0.998,0.99,0.995,0.995
X,99,99,0.903,0.949,0.982,0.933
Y,77,77,0.997,1,0.995,0.995
Z,112,112,0.965,0.972,0.993,0.983


4. Augmentation:
               Class     Images  Instances    Precision       Recall      mAP50    mAP50-95
                   all       2601       2601      0.817      0.773       0.89      0.847
                     A        100        100      0.973          1      0.985      0.985
                     B        108        108      0.642       0.87      0.856      0.826
                     C        100        100      0.418       0.99      0.892      0.874
                     D         74         74          1      0.752      0.928       0.92
                     E        110        110      0.827      0.991      0.988      0.967
                     F        108        108      0.622      0.991      0.954      0.954
                     G        100        100      0.736       0.99      0.963      0.918
                     H        106        106      0.709      0.906      0.886      0.847
                     I        109        109      0.998      0.972      0.995      0.994
                     J        115        115      0.902          1      0.993      0.993
                     K         77         77      0.458      0.883      0.871      0.869
                     L        107        107      0.929          1      0.995      0.981
                     M         96         96      0.895      0.982      0.991      0.973
                     N         77         77      0.803          1      0.995      0.991
                     O         94         94      0.872      0.727      0.858       0.75
                     P        104        104      0.978      0.432      0.968      0.929
                     Q         95         95      0.401      0.537      0.455      0.426
                     R        130        130          1       0.91      0.995      0.995
                     S         88         88      0.865      0.875      0.929       0.81
                     T        106        106      0.838          1      0.995      0.995
                     U         90         90      0.878     0.0805      0.738      0.678
                     V        118        118          1     0.0203      0.662      0.522
                     W        101        101      0.908      0.589      0.905      0.834
                     X         99         99       0.72      0.545       0.73      0.609
                     Y         90         90      0.866      0.944      0.975      0.877
                     Z         99         99          1       0.12      0.634      0.496

csv format:
Class,Images,Instances,Precision,Recall,mAP50,mAP50-95
all,2601,2601,0.817,0.773,0.89,0.847
A,100,100,0.973,1,0.985,0.985
B,108,108,0.642,0.87,0.856,0.826
C,100,100,0.418,0.99,0.892,0.874
D,74,74,1,0.752,0.928,0.92
E,110,110,0.827,0.991,0.988,0.967
F,108,108,0.622,0.991,0.954,0.954
G,100,100,0.736,0.99,0.963,0.918
H,106,106,0.709,0.906,0.886,0.847
I,109,109,0.998,0.972,0.995,0.994
J,115,115,0.902,1,0.993,0.993
K,77,77,0.458,0.883,0.871,0.869
L,107,107,0.929,1,0.995,0.981
M,96,96,0.895,0.982,0.991,0.973
N,77,77,0.803,1,0.995,0.991
O,94,94,0.872,0.727,0.858,0.75
P,104,104,0.978,0.432,0.968,0.929
Q,95,95,0.401,0.537,0.455,0.426
R,130,130,1,0.91,0.995,0.995
S,88,88,0.865,0.875,0.929,0.81
T,106,106,0.838,1,0.995,0.995
U,90,90,0.878,0.0805,0.738,0.678
V,118,118,1,0.0203,0.662,0.522
W,101,101,0.908,0.589,0.905,0.834
X,99,99,0.72,0.545,0.73,0.609
Y,90,90,0.866,0.944,0.975,0.877
Z,99,99,1,0.12,0.634,0.496

5. Autoencoder:
                Class     Images  Instances   Precision      Recall     mAP50   mAP50-95
                   all       2601       2601      0.895      0.916      0.964      0.932
                     A        112        112      0.708      0.735      0.837      0.827
                     B         77         77      0.839      0.974      0.969      0.957
                     C         99         99      0.668       0.99      0.985      0.932
                     D        106        106      0.906      0.943      0.978      0.894
                     E        105        105      0.947      0.943      0.975      0.942
                     F         92         92      0.918      0.847      0.963      0.946
                     G        102        102      0.956      0.843      0.973      0.971
                     H        119        119      0.974      0.983      0.994      0.993
                     I         93         93      0.946      0.871      0.964      0.948
                     J         94         94      0.892      0.957      0.983      0.965
                     K         88         88      0.799      0.989       0.96      0.931
                     L         98         98          1      0.749      0.969       0.87
                     M        116        116      0.959      0.974      0.991      0.957
                     N        105        105      0.949      0.981      0.993      0.991
                     O         95         95      0.994          1      0.995      0.991
                     P         90         90      0.884      0.878      0.946      0.905
                     Q        102        102      0.785      0.824      0.893       0.88
                     R         89         89      0.995          1      0.995      0.995
                     S         85         85      0.977      0.965      0.993      0.992
                     T         93         93          1      0.975      0.993      0.993
                     U         97         97      0.926      0.647      0.894      0.852
                     V        122        122      0.756      0.926       0.92      0.861
                     W        105        105      0.829       0.99      0.971      0.756
                     X        110        110      0.935      0.973      0.992      0.967
                     Y         98         98       0.85      0.922      0.959      0.949
                     Z        109        109      0.887      0.937      0.975      0.958

csv format:
Class,Images,Instances,Precision,Recall,mAP50,mAP50-95
all,2601,2601,0.895,0.916,0.964,0.932
A,112,112,0.708,0.735,0.837,0.827
B,77,77,0.839,0.974,0.969,0.957
C,99,99,0.668,0.99,0.985,0.932
D,106,106,0.906,0.943,0.978,0.894
E,105,105,0.947,0.943,0.975,0.942
F,92,92,0.918,0.847,0.963,0.946
G,102,102,0.956,0.843,0.973,0.971
H,119,119,0.974,0.983,0.994,0.993
I,93,93,0.946,0.871,0.964,0.948
J,94,94,0.892,0.957,0.983,0.965
K,88,88,0.799,0.989,0.96,0.931
L,98,98,1,0.749,0.969,0.87
M,116,116,0.959,0.974,0.991,0.957
N,105,105,0.949,0.981,0.993,0.991
O,95,95,0.994,1,0.995,0.991
P,90,90,0.884,0.878,0.946,0.905
Q,102,102,0.785,0.824,0.893,0.88
R,89,89,0.995,1,0.995,0.995
S,85,85,0.977,0.965,0.993,0.992
T,93,93,1,0.975,0.993,0.993
U,97,97,0.926,0.647,0.894,0.852
V,122,122,0.756,0.926,0.92,0.861
W,105,105,0.829,0.99,0.971,0.756
X,110,110,0.935,0.973,0.992,0.967
Y,98,98,0.85,0.922,0.959,0.949
Z,109,109,0.887,0.937,0.975,0.958



6. DGAN:
                 Class     Images  Instances   Precision     Recall     mAP50  mAP50-95
                   all       2598       2598      0.817      0.776      0.889      0.813
                     A        111        111       0.86      0.658      0.869      0.641
                     B        105        105      0.911      0.486      0.752      0.743
                     C        102        102       0.99       0.93      0.981      0.958
                     D         98         98      0.798      0.684      0.804      0.725
                     E         92         92      0.901        0.5      0.734       0.26
                     F        107        107      0.973      0.672      0.897      0.786
                     G         98         98      0.772      0.796      0.882      0.824
                     H         89         89      0.612      0.966       0.92      0.859
                     I        108        108          1       0.37       0.88       0.81
                     J         82         82       0.87      0.561      0.853      0.679
                     K         87         87      0.775      0.943      0.948      0.785
                     L         91         91      0.703      0.912      0.868      0.836
                     M        105        105      0.916      0.828      0.946      0.942
                     N         94         94      0.777      0.915      0.957      0.915
                     O        117        117      0.982      0.966      0.993      0.993
                     P        115        115      0.566      0.963      0.918      0.872
                     Q        106        106      0.599      0.859      0.899       0.89
                     R        122        122          1      0.655      0.979      0.977
                     S         94         94      0.904      0.862      0.929      0.916
                     T         87         87      0.817      0.668       0.73      0.717
                     U        104        104      0.462          1      0.904      0.835
                     V         86         86      0.884      0.799      0.933      0.823
                     W        103        103      0.602      0.941      0.958      0.921
                     X         94         94      0.756      0.856      0.891      0.801
                     Y        109        109          1      0.631      0.923      0.922
                     Z         92         92      0.809      0.761      0.762      0.707

csv format:

Class,Images,Instances,Precision,Recall,mAP50,mAP50-95
all,2598,2598,0.817,0.776,0.889,0.813
A,111,111,0.86,0.658,0.869,0.641
B,105,105,0.911,0.486,0.752,0.743
C,102,102,0.99,0.93,0.981,0.958
D,98,98,0.798,0.684,0.804,0.725
E,92,92,0.901,0.5,0.734,0.26
F,107,107,0.973,0.672,0.897,0.786
G,98,98,0.772,0.796,0.882,0.824
H,89,89,0.612,0.966,0.92,0.859
I,108,108,1,0.37,0.88,0.81
J,82,82,0.87,0.561,0.853,0.679
K,87,87,0.775,0.943,0.948,0.785
L,91,91,0.703,0.912,0.868,0.836
M,105,105,0.916,0.828,0.946,0.942
N,94,94,0.777,0.915,0.957,0.915
O,117,117,0.982,0.966,0.993,0.993
P,115,115,0.566,0.963,0.918,0.872
Q,106,106,0.599,0.859,0.899,0.89
R,122,122,1,0.655,0.979,0.977
S,94,94,0.904,0.862,0.929,0.916
T,87,87,0.817,0.668,0.73,0.717
U,104,104,0.462,1,0.904,0.835
V,86,86,0.884,0.799,0.933,0.823
W,103,103,0.602,0.941,0.958,0.921
X,94,94,0.756,0.856,0.891,0.801
Y,109,109,1,0.631,0.923,0.922
Z,92,92,0.809,0.761,0.762,0.707

