1. Original TABLE:

                 Class     Images  Instances      Box(P          R      mAP50  mAP50-95):
                   all       1350       1350      0.992      0.993      0.995      0.994
                     A        104        104      0.999          1      0.995      0.995
                     B         54         54      0.994          1      0.995      0.995
                     C         43         43      0.988          1      0.995      0.995
                     D         60         60      0.975          1      0.995      0.995
                     E         52         52      0.982          1      0.995      0.995
                     F         46         46          1          1      0.995      0.993
                     G         58         58      0.993          1      0.995      0.995
                     H         59         59      0.991          1      0.995      0.995
                     I         50         50      0.992          1      0.995      0.995
                     J         46         46       0.99          1      0.995      0.993
                     K         47         47      0.993          1      0.995      0.995
                     L         53         53      0.992          1      0.995      0.995
                     M         47         47      0.985          1      0.995      0.995
                     N         38         38      0.986          1      0.995      0.995
                     O         48         48      0.992          1      0.995      0.995
                     P         48         48      0.992          1      0.995      0.995
                     Q         52         52      0.992          1      0.995      0.995
                     R         46         46          1      0.995      0.995      0.992
                     S         59         59      0.993          1      0.995      0.995
                     T         38         38      0.989          1      0.995      0.995
                     U         41         41       0.99          1      0.995      0.995
                     V         42         42       0.99          1      0.995      0.995
                     W         46         46      0.991          1      0.995      0.995
                     X         58         58          1      0.995      0.995      0.993
                     Y         58         58          1      0.834      0.994      0.983
                     Z         57         57      0.993          1      0.995      0.995


csv format:

Class,Images,Instances,Box(P),R,mAP50,mAP50-95
all,1350,1350,0.992,0.993,0.995,0.994
A,104,104,0.999,1,0.995,0.995
B,54,54,0.994,1,0.995,0.995
C,43,43,0.988,1,0.995,0.995
D,60,60,0.975,1,0.995,0.995
E,52,52,0.982,1,0.995,0.995
F,46,46,1,1,0.995,0.993
G,58,58,0.993,1,0.995,0.995
H,59,59,0.991,1,0.995,0.995
I,50,50,0.992,1,0.995,0.995
J,46,46,0.99,1,0.995,0.993
K,47,47,0.993,1,0.995,0.995
L,53,53,0.992,1,0.995,0.995
M,47,47,0.985,1,0.995,0.995
N,38,38,0.986,1,0.995,0.995
O,48,48,0.992,1,0.995,0.995
P,48,48,0.992,1,0.995,0.995
Q,52,52,0.992,1,0.995,0.995
R,46,46,1,0.995,0.995,0.992
S,59,59,0.993,1,0.995,0.995
T,38,38,0.989,1,0.995,0.995
U,41,41,0.99,1,0.995,0.995
V,42,42,0.99,1,0.995,0.995
W,46,46,0.991,1,0.995,0.995
X,58,58,1,0.995,0.995,0.993
Y,58,58,1,0.834,0.994,0.983
Z,57,57,0.993,1,0.995,0.995

2. SMOTE TABLE:

                   Class     Images   Instances Box(P          R      mAP50  mAP50-95):
	            all       2600       2600      0.995      0.998      0.995     
                     A         79         79      0.996          1      0.995      
                     B         94         94      0.979          1      0.995      
                     C        107        107      0.997          1      0.995      
                     D        115        115      0.998          1      0.995      
                     E        103        103       0.99      0.993      0.995      
                     F         74         74      0.997          1      0.995      
                     G        102        102       0.99      0.991      0.995      
                     H         97         97          1      0.998      0.995      
                     I        104        104      0.998          1      0.995      
                     J        103        103      0.997          1      0.995      
                     K         98         98      0.997       0.99      0.989      
                     L        108        108      0.989          1      0.995      
                     M         93         93      0.997          1      0.995      
                     N         95         95      0.997          1      0.995      
                     O         89         89      0.997          1      0.995      
                     P         92         92      0.997          1      0.995     
                     Q        102        102      0.997          1      0.995      
                     R         86         86      0.996      0.977      0.995      
                     S        114        114      0.994      0.991      0.995     
                     T        115        115      0.998          1      0.995      
                     U         99         99      0.994          1      0.995      
                     V        115        115      0.988          1      0.995     
                     W         97         97      0.997          1      0.995      
                     X        107        107       0.99          1      0.995     
                     Y        111        111      0.998          1      0.995      
                     Z        101        101      0.998          1      0.995 

csv format:

Class,Images,Instances,Box(P),R,mAP50,mAP50-95
all,2600,2600,0.995,0.998,0.995,
A,79,79,0.996,1,0.995,
B,94,94,0.979,1,0.995,
C,107,107,0.997,1,0.995,
D,115,115,0.998,1,0.995,
E,103,103,0.99,0.993,0.995,
F,74,74,0.997,1,0.995,
G,102,102,0.99,0.991,0.995,
H,97,97,1,0.998,0.995,
I,104,104,0.998,1,0.995,
J,103,103,0.997,1,0.995,
K,98,98,0.997,0.99,0.989,
L,108,108,0.989,1,0.995,
M,93,93,0.997,1,0.995,
N,95,95,0.997,1,0.995,
O,89,89,0.997,1,0.995,
P,92,92,0.997,1,0.995,
Q,102,102,0.997,1,0.995,
R,86,86,0.996,0.977,0.995,
S,114,114,0.994,0.991,0.995,
T,115,115,0.998,1,0.995,
U,99,99,0.994,1,0.995,
V,115,115,0.988,1,0.995,
W,97,97,0.997,1,0.995,
X,107,107,0.99,1,0.995,
Y,111,111,0.998,1,0.995,
Z,101,101,0.998,1,0.995

3. ADASYN TABLE:

                 Class     Images  Instances      Box(P          R      mAP50  mAP50-95):
                   all       2610       2610      0.992      0.998      0.994      0.993
                     A         93         93       0.99          1      0.995      0.994
                     B        105        105      0.998          1      0.995      0.995
                     C        107        107      0.998          1      0.995      0.995
                     D         75         75      0.997          1      0.995      0.995
                     E         91         91      0.977          1      0.995      0.995
                     F         95         95      0.986      0.989      0.989      0.986
                     G        108        108          1      0.997      0.995      0.995
                     H         98         98          1      0.991      0.995      0.995
                     I         90         90      0.996          1      0.995      0.995
                     J        100        100      0.997          1      0.995      0.995
                     K         91         91      0.997          1      0.995      0.995
                     L        106        106      0.998          1      0.995      0.995
                     M         99         99      0.988          1      0.995      0.995
                     N        110        110      0.998          1      0.995      0.995
                     O        102        102      0.997          1      0.995      0.995
                     P         99         99      0.997          1      0.995      0.995
                     Q        109        109      0.994          1      0.995      0.995
                     R        102        102      0.926      0.983      0.977      0.965
                     S        101        101      0.998          1      0.995      0.995
                     T        117        117      0.998          1      0.995      0.995
                     U        103        103      0.993          1      0.995      0.995
                     V         92         92      0.987          1      0.995      0.995
                     W        100        100      0.997          1      0.995      0.995
                     X        106        106      0.997          1      0.995      0.995
                     Y        104        104      0.997          1      0.995      0.995
                     Z        107        107      0.998          1      0.995      0.995

csv format:

Class,Images,Instances,Box(P),R,mAP50,mAP50-95
all,2610,2610,0.992,0.998,0.994,0.993
A,93,93,0.99,1,0.995,0.994
B,105,105,0.998,1,0.995,0.995
C,107,107,0.998,1,0.995,0.995
D,75,75,0.997,1,0.995,0.995
E,91,91,0.977,1,0.995,0.995
F,95,95,0.986,0.989,0.989,0.986
G,108,108,1,0.997,0.995,0.995
H,98,98,1,0.991,0.995,0.995
I,90,90,0.996,1,0.995,0.995
J,100,100,0.997,1,0.995,0.995
K,91,91,0.997,1,0.995,0.995
L,106,106,0.998,1,0.995,0.995
M,99,99,0.988,1,0.995,0.995
N,110,110,0.998,1,0.995,0.995
O,102,102,0.997,1,0.995,0.995
P,99,99,0.997,1,0.995,0.995
Q,109,109,0.994,1,0.995,0.995
R,102,102,0.926,0.983,0.977,0.965
S,101,101,0.998,1,0.995,0.995
T,117,117,0.998,1,0.995,0.995
U,103,103,0.993,1,0.995,0.995
V,92,92,0.987,1,0.995,0.995
W,100,100,0.997,1,0.995,0.995
X,106,106,0.997,1,0.995,0.995
Y,104,104,0.997,1,0.995,0.995
Z,107,107,0.998,1,0.995,0.995

4. AUGMENTATION TABLE:

	         Class     Images  Instances      Box(P          R      mAP50  mAP50-95):
                   all       2601       2601       0.99      0.996      0.995      0.995
                     A        101        101      0.999          1      0.995      0.995
                     B        109        109      0.991      0.995      0.995      0.995
                     C        117        117      0.999          1      0.995      0.995
                     D        101        101      0.999          1      0.995      0.995
                     E        104        104          1      0.983      0.995      0.995
                     F         91         91      0.999          1      0.995      0.995
                     G         98         98          1       0.95      0.995      0.995
                     H        102        102          1      0.977      0.995      0.995
                     I         87         87      0.999          1      0.995      0.995
                     J         98         98      0.999          1      0.995      0.995
                     K        102        102      0.999          1      0.995      0.995
                     L         82         82      0.999          1      0.995      0.995
                     M        117        117      0.999          1      0.995      0.995
                     N        106        106      0.999          1      0.995      0.995
                     O         98         98      0.999          1      0.995      0.995
                     P         91         91      0.999          1      0.995      0.995
                     Q        103        103      0.999          1      0.995      0.995
                     R         93         93      0.793      0.989      0.991      0.987
                     S        107        107      0.999          1      0.995      0.995
                     T         99         99       0.99          1      0.995      0.995
                     U        112        112      0.999          1      0.995      0.995
                     V         99         99      0.996          1      0.995      0.994
                     W         92         92      0.999          1      0.995      0.995
                     X         96         96      0.991          1      0.995      0.995
                     Y         97         97      0.999          1      0.995      0.995
                     Z         99         99          1      0.994      0.995      0.995

csv format:

Class,Images,Instances,Box(P),R,mAP50,mAP50-95
all,2601,2601,0.99,0.996,0.995,0.995
A,101,101,0.999,1,0.995,0.995
B,109,109,0.991,0.995,0.995,0.995
C,117,117,0.999,1,0.995,0.995
D,101,101,0.999,1,0.995,0.995
E,104,104,1,0.983,0.995,0.995
F,91,91,0.999,1,0.995,0.995
G,98,98,1,0.95,0.995,0.995
H,102,102,1,0.977,0.995,0.995
I,87,87,0.999,1,0.995,0.995
J,98,98,0.999,1,0.995,0.995
K,102,102,0.999,1,0.995,0.995
L,82,82,0.999,1,0.995,0.995
M,117,117,0.999,1,0.995,0.995
N,106,106,0.999,1,0.995,0.995
O,98,98,0.999,1,0.995,0.995
P,91,91,0.999,1,0.995,0.995
Q,103,103,0.999,1,0.995,0.995
R,93,93,0.793,0.989,0.991,0.987
S,107,107,0.999,1,0.995,0.995
T,99,99,0.99,1,0.995,0.995
U,112,112,0.999,1,0.995,0.995
V,99,99,0.996,1,0.995,0.994
W,92,92,0.999,1,0.995,0.995
X,96,96,0.991,1,0.995,0.995
Y,97,97,0.999,1,0.995,0.995
Z,99,99,1,0.994,0.995,0.995

5. Autoencoder:

		 Class     Images  Instances      Box(P          R      mAP50  mAP50-95):
                   all       2601       2601      0.993      0.994      0.995      0.995
                     A        110        110      0.993          1      0.995      0.995
                     B        108        108       0.99      0.981      0.988      0.988
                     C        102        102      0.973          1      0.995      0.995
                     D        102        102      0.996          1      0.995      0.995
                     E        101        101      0.992       0.96      0.995      0.995
                     F        120        120          1          1      0.995      0.995
                     G         98         98          1      0.948      0.994      0.994
                     H         90         90      0.989      0.979      0.995      0.995
                     I        102        102      0.997          1      0.995      0.995
                     J        122        122      0.997          1      0.995      0.995
                     K         81         81       0.99          1      0.995      0.995
                     L         85         85      0.996          1      0.995      0.995
                     M        110        110      0.997          1      0.995      0.995
                     N         98         98      0.996          1      0.995      0.995
                     O         96         96      0.996          1      0.995      0.995
                     P        110        110      0.997          1      0.995      0.995
                     Q         95         95      0.996          1      0.995      0.995
                     R         98         98          1      0.992      0.995      0.994
                     S         91         91      0.996          1      0.995      0.995
                     T         85         85      0.996          1      0.995      0.995
                     U         90         90      0.996          1      0.995      0.995
                     V        100        100          1      0.992      0.995      0.995
                     W        100        100      0.996          1      0.995      0.995
                     X         91         91      0.976          1      0.995      0.995
                     Y        108        108      0.986          1      0.995      0.995
                     Z        108        108       0.98          1      0.995      0.995

csv format:


Class,Images,Instances,Box(P),R,mAP50,mAP50-95
all,2601,2601,0.993,0.994,0.995,0.995
A,110,110,0.993,1,0.995,0.995
B,108,108,0.99,0.981,0.988,0.988
C,102,102,0.973,1,0.995,0.995
D,102,102,0.996,1,0.995,0.995
E,101,101,0.992,0.96,0.995,0.995
F,120,120,1,1,0.995,0.995
G,98,98,1,0.948,0.994,0.994
H,90,90,0.989,0.979,0.995,0.995
I,102,102,0.997,1,0.995,0.995
J,122,122,0.997,1,0.995,0.995
K,81,81,0.99,1,0.995,0.995
L,85,85,0.996,1,0.995,0.995
M,110,110,0.997,1,0.995,0.995
N,98,98,0.996,1,0.995,0.995
O,96,96,0.996,1,0.995,0.995
P,110,110,0.997,1,0.995,0.995
Q,95,95,0.996,1,0.995,0.995
R,98,98,1,0.992,0.995,0.994
S,91,91,0.996,1,0.995,0.995
T,85,85,0.996,1,0.995,0.995
U,90,90,0.996,1,0.995,0.995
V,100,100,1,0.992,0.995,0.995
W,100,100,0.996,1,0.995,0.995
X,91,91,0.976,1,0.995,0.995
Y,108,108,0.986,1,0.995,0.995
Z,108,108,0.98,1,0.995,0.995

6. DGAN:

		Class     Images  Instances      Box(P          R      mAP50  mAP50-95):
                   all       2598       2598       0.98      0.997      0.995      0.994
                     A        105        105      0.999          1      0.995      0.995
                     B         97         97      0.999          1      0.995      0.995
                     C        108        108      0.999          1      0.995      0.995
                     D         99         99      0.999          1      0.995      0.995
                     E        106        106      0.997          1      0.995      0.995
                     F         82         82          1      0.995      0.995      0.995
                     G        110        110          1       0.95      0.995      0.995
                     H         95         95      0.998          1      0.995      0.995
                     I        104        104      0.999          1      0.995      0.995
                     J        107        107          1      0.983      0.995      0.995
                     K         94         94      0.999          1      0.995      0.995
                     L         97         97      0.998          1      0.995      0.981
                     M         85         85      0.987          1      0.995      0.995
                     N        121        121      0.999          1      0.995      0.995
                     O        112        112      0.999          1      0.995      0.995
                     P        104        104      0.999          1      0.995      0.995
                     Q         91         91      0.999          1      0.995      0.995
                     R         92         92       0.54          1      0.987      0.984
                     S         99         99      0.999          1      0.995      0.995
                     T        112        112      0.999          1      0.995      0.995
                     U         97         97      0.999          1      0.995      0.995
                     V         97         97      0.999          1      0.995      0.995
                     W        102        102      0.998          1      0.995      0.995
                     X         90         90      0.999          1      0.995      0.995
                     Y         98         98      0.989          1      0.995      0.993
                     Z         94         94          1      0.991      0.995      0.995

csv format:

Class,Images,Instances,Box(P),R,mAP50,mAP50-95
all,2598,2598,0.98,0.997,0.995,0.994
A,105,105,0.999,1,0.995,0.995
B,97,97,0.999,1,0.995,0.995
C,108,108,0.999,1,0.995,0.995
D,99,99,0.999,1,0.995,0.995
E,106,106,0.997,1,0.995,0.995
F,82,82,1,0.995,0.995,0.995
G,110,110,1,0.95,0.995,0.995
H,95,95,0.998,1,0.995,0.995
I,104,104,0.999,1,0.995,0.995
J,107,107,1,0.983,0.995,0.995
K,94,94,0.999,1,0.995,0.995
L,97,97,0.998,1,0.995,0.981
M,85,85,0.987,1,0.995,0.995
N,121,121,0.999,1,0.995,0.995
O,112,112,0.999,1,0.995,0.995
P,104,104,0.999,1,0.995,0.995
Q,91,91,0.999,1,0.995,0.995
R,92,92,0.54,1,0.987,0.984
S,99,99,0.999,1,0.995,0.995
T,112,112,0.999,1,0.995,0.995
U,97,97,0.999,1,0.995,0.995
V,97,97,0.999,1,0.995,0.995
W,102,102,0.998,1,0.995,0.995
X,90,90,0.999,1,0.995,0.995
Y,98,98,0.989,1,0.995,0.993
Z,94,94,1,0.991,0.995,0.995



