1. Imbalanced:
                Class     Images  Instances      Precision       Recall      mAP50  mAP50-95
                   all       1350       1350      0.998      0.996      0.994      0.994
                     A         93         93          1          1      0.995      0.995
                     B         49         49      0.998       0.98      0.984      0.984
                     C         47         47          1          1      0.995      0.995
                     D         39         39      0.999          1      0.995      0.995
                     E         51         51      0.999          1      0.995      0.995
                     F         44         44      0.999          1      0.995      0.995
                     G         41         41      0.999          1      0.995      0.995
                     H         50         50      0.979          1      0.995      0.995
                     I         67         67      0.999          1      0.995      0.995
                     J         47         47      0.999          1      0.995      0.992
                     K         50         50      0.999          1      0.995      0.995
                     L         51         51      0.999          1      0.995      0.995
                     M         56         56      0.998      0.946      0.994      0.993
                     N         49         49      0.999          1      0.995      0.995
                     O         60         60      0.999          1      0.995      0.995
                     P         46         46      0.999          1      0.995      0.995
                     Q         59         59      0.999          1      0.995      0.995
                     R         51         51      0.999          1      0.995      0.995
                     S         42         42      0.998          1      0.995      0.995
                     T         55         55      0.999          1      0.995      0.995
                     U         53         53      0.999          1      0.995      0.995
                     V         51         51      0.999          1      0.995      0.995
                     W         57         57      0.998          1      0.995      0.995
                     X         44         44      0.995      0.977      0.994      0.994
                     Y         48         48      0.999          1      0.995      0.995
                     Z         50         50      0.999          1      0.995      0.995

csv format:

Class,Images,Instances,Precision,Recall,mAP50,mAP50-95
all,1350,1350,0.998,0.996,0.994,0.994
A,93,93,1,1,0.995,0.995
B,49,49,0.998,0.98,0.984,0.984
C,47,47,1,1,0.995,0.995
D,39,39,0.999,1,0.995,0.995
E,51,51,0.999,1,0.995,0.995
F,44,44,0.999,1,0.995,0.995
G,41,41,0.999,1,0.995,0.995
H,50,50,0.979,1,0.995,0.995
I,67,67,0.999,1,0.995,0.995
J,47,47,0.999,1,0.995,0.992
K,50,50,0.999,1,0.995,0.995
L,51,51,0.999,1,0.995,0.995
M,56,56,0.998,0.946,0.994,0.993
N,49,49,0.999,1,0.995,0.995
O,60,60,0.999,1,0.995,0.995
P,46,46,0.999,1,0.995,0.995
Q,59,59,0.999,1,0.995,0.995
R,51,51,0.999,1,0.995,0.995
S,42,42,0.998,1,0.995,0.995
T,55,55,0.999,1,0.995,0.995
U,53,53,0.999,1,0.995,0.995
V,51,51,0.999,1,0.995,0.995
W,57,57,0.998,1,0.995,0.995
X,44,44,0.995,0.977,0.994,0.994
Y,48,48,0.999,1,0.995,0.995
Z,50,50,0.999,1,0.995,0.995



2. SMOTE:
               Class     Images  Instances      Precision        Recall        mAP50      mAP50-95
                   all       2600       2600      0.995      0.996      0.995      0.995
                     A        123        123      0.997          1      0.995      0.995
                     B        107        107          1      0.964      0.995      0.995
                     C        110        110      0.997          1      0.995      0.995
                     D        105        105      0.997          1      0.995      0.995
                     E        106        106      0.977          1      0.995      0.995
                     F        110        110          1      0.999      0.995      0.995
                     G         91         91          1      0.954      0.994      0.994
                     H         94         94          1          1      0.995      0.995
                     I         94         94      0.996          1      0.995      0.995
                     J         82         82      0.996          1      0.995      0.995
                     K         94         94      0.994          1      0.995      0.995
                     L         93         93      0.996          1      0.995      0.992
                     M         97         97      0.967          1      0.995      0.995
                     N        115        115          1      0.985      0.995      0.995
                     O         91         91      0.996          1      0.995      0.995
                     P        103        103      0.996          1      0.995      0.995
                     Q        102        102      0.996          1      0.995      0.995
                     R        104        104      0.996          1      0.995      0.995
                     S        101        101      0.997          1      0.995      0.995
                     T        100        100      0.997          1      0.995      0.995
                     U         85         85      0.993          1      0.995      0.995
                     V        102        102      0.997          1      0.995      0.995
                     W        114        114          1       0.99      0.995      0.995
                     X         93         93      0.996          1      0.995      0.995
                     Y        101        101          1      0.999      0.995      0.995
                     Z         83         83      0.996          1      0.995      0.995

csv format:

Class,Images,Instances,Precision,Recall,mAP50,mAP50-95
all,2600,2600,0.995,0.996,0.995,0.995
A,123,123,0.997,1,0.995,0.995
B,107,107,1,0.964,0.995,0.995
C,110,110,0.997,1,0.995,0.995
D,105,105,0.997,1,0.995,0.995
E,106,106,0.977,1,0.995,0.995
F,110,110,1,0.999,0.995,0.995
G,91,91,1,0.954,0.994,0.994
H,94,94,1,1,0.995,0.995
I,94,94,0.996,1,0.995,0.995
J,82,82,0.996,1,0.995,0.995
K,94,94,0.994,1,0.995,0.995
L,93,93,0.996,1,0.995,0.992
M,97,97,0.967,1,0.995,0.995
N,115,115,1,0.985,0.995,0.995
O,91,91,0.996,1,0.995,0.995
P,103,103,0.996,1,0.995,0.995
Q,102,102,0.996,1,0.995,0.995
R,104,104,0.996,1,0.995,0.995
S,101,101,0.997,1,0.995,0.995
T,100,100,0.997,1,0.995,0.995
U,85,85,0.993,1,0.995,0.995
V,102,102,0.997,1,0.995,0.995
W,114,114,1,0.99,0.995,0.995
X,93,93,0.996,1,0.995,0.995
Y,101,101,1,0.999,0.995,0.995
Z,83,83,0.996,1,0.995,0.995



3. ADASYN:
                Class     Images  Instances   Precision      Recall     mAP50   mAP50-95
                   all       2610       2610      0.994      0.994      0.995      0.993
                     A        105        105      0.998          1      0.995      0.994
                     B         92         92          1      0.971      0.986      0.978
                     C        115        115      0.998          1      0.995      0.995
                     D        112        112      0.997          1      0.995      0.989
                     E         90         90          1      0.947      0.994      0.994
                     F         97         97      0.992       0.99      0.995       0.99
                     G         86         86      0.975          1      0.995      0.995
                     H        113        113          1      0.987      0.995      0.995
                     I         83         83      0.985          1      0.995      0.994
                     J        101        101      0.997          1      0.995      0.995
                     K         92         92          1      0.976      0.995      0.991
                     L        103        103      0.987          1      0.995      0.994
                     M        106        106      0.991      0.995      0.995      0.995
                     N         97         97      0.998          1      0.995      0.995
                     O        110        110      0.997          1      0.995      0.995
                     P        110        110          1          1      0.995      0.994
                     Q        105        105      0.989          1      0.995      0.995
                     R        109        109      0.997          1      0.995      0.995
                     S         97         97      0.997          1      0.995      0.995
                     T         85         85      0.986          1      0.995      0.995
                     U         85         85      0.996          1      0.995      0.995
                     V        112        112          1      0.993      0.995      0.992
                     W         87         87      0.996          1      0.995      0.995
                     X        116        116      0.978          1      0.995      0.995
                     Y        105        105      0.994          1      0.995      0.995
                     Z         97         97          1       0.99      0.995      0.995 

csv format:

Class,Images,Instances,Precision,Recall,mAP50,mAP50-95
all,2610,2610,0.994,0.994,0.995,0.993
A,105,105,0.998,1,0.995,0.994
B,92,92,1,0.971,0.986,0.978
C,115,115,0.998,1,0.995,0.995
D,112,112,0.997,1,0.995,0.989
E,90,90,1,0.947,0.994,0.994
F,97,97,0.992,0.99,0.995,0.99
G,86,86,0.975,1,0.995,0.995
H,113,113,1,0.987,0.995,0.995
I,83,83,0.985,1,0.995,0.994
J,101,101,0.997,1,0.995,0.995
K,92,92,1,0.976,0.995,0.991
L,103,103,0.987,1,0.995,0.994
M,106,106,0.991,0.995,0.995,0.995
N,97,97,0.998,1,0.995,0.995
O,110,110,0.997,1,0.995,0.995
P,110,110,1,1,0.995,0.994
Q,105,105,0.989,1,0.995,0.995
R,109,109,0.997,1,0.995,0.995
S,97,97,0.997,1,0.995,0.995
T,85,85,0.986,1,0.995,0.995
U,85,85,0.996,1,0.995,0.995
V,112,112,1,0.993,0.995,0.992
W,87,87,0.996,1,0.995,0.995
X,116,116,0.978,1,0.995,0.995
Y,105,105,0.994,1,0.995,0.995
Z,97,97,1,0.99,0.995,0.995

4. AUGMENTATION:
               Class     Images  Instances    Precision      Recall     mAP50      mAP50-95
                   all       2601       2601      0.998      0.996      0.995      0.995
                     A        104        104          1          1      0.995      0.995
                     B        103        103          1       0.99      0.995      0.994
                     C        105        105      0.998          1      0.995      0.994
                     D         70         70      0.998          1      0.995      0.995
                     E         97         97          1      0.971      0.994      0.994
                     F         95         95      0.998          1      0.995      0.995
                     G         99         99          1      0.956      0.995      0.995
                     H        108        108      0.999          1      0.995      0.995
                     I         75         75          1          1      0.995      0.995
                     J         99         99          1          1      0.995      0.995
                     K        111        111          1      0.984      0.995      0.995
                     L        107        107      0.999          1      0.995      0.995
                     M         93         93          1          1      0.995      0.995
                     N        116        116      0.999          1      0.995      0.995
                     O        112        112      0.998          1      0.995      0.995
                     P         90         90      0.998          1      0.995      0.995
                     Q        112        112          1          1      0.995      0.995
                     R         96         96      0.998          1      0.995      0.995
                     S        113        113      0.998          1      0.995      0.995
                     T        113        113      0.998          1      0.995      0.995
                     U         89         89      0.987          1      0.995      0.995
                     V        107        107          1          1      0.995      0.995
                     W        108        108      0.999          1      0.995      0.995
                     X         99         99       0.99      0.997      0.994      0.993
                     Y         96         96          1          1      0.995      0.995
                     Z         84         84      0.997          1      0.995      0.995

csv format:

Class,Images,Instances,Precision,Recall,mAP50,mAP50-95
all,2601,2601,0.998,0.996,0.995,0.995
A,104,104,1,1,0.995,0.995
B,103,103,1,0.99,0.995,0.994
C,105,105,0.998,1,0.995,0.994
D,70,70,0.998,1,0.995,0.995
E,97,97,1,0.971,0.994,0.994
F,95,95,0.998,1,0.995,0.995
G,99,99,1,0.956,0.995,0.995
H,108,108,0.999,1,0.995,0.995
I,75,75,1,1,0.995,0.995
J,99,99,1,1,0.995,0.995
K,111,111,1,0.984,0.995,0.995
L,107,107,0.999,1,0.995,0.995
M,93,93,1,1,0.995,0.995
N,116,116,0.999,1,0.995,0.995
O,112,112,0.998,1,0.995,0.995
P,90,90,0.998,1,0.995,0.995
Q,112,112,1,1,0.995,0.995
R,96,96,0.998,1,0.995,0.995
S,113,113,0.998,1,0.995,0.995
T,113,113,0.998,1,0.995,0.995
U,89,89,0.987,1,0.995,0.995
V,107,107,1,1,0.995,0.995
W,108,108,0.999,1,0.995,0.995
X,99,99,0.99,0.997,0.994,0.993
Y,96,96,1,1,0.995,0.995
Z,84,84,0.997,1,0.995,0.995


5. Autoencoder:
                 Class     Images  Instances      Precision  Recall      mAP50      mAP50-95
                   all       2601       2601      0.914      0.932      0.976       0.94
                     A        102        102      0.913       0.93      0.967      0.921
                     B         95         95      0.938      0.979      0.985      0.953
                     C         95         95      0.942      0.937      0.976      0.969
                     D         96         96      0.966       0.99      0.994      0.961
                     E        104        104      0.746      0.942      0.901      0.835
                     F         79         79      0.987      0.948      0.993      0.967
                     G         97         97      0.852      0.952      0.979      0.976
                     H        110        110      0.877      0.982      0.978      0.965
                     I        100        100      0.976       0.98      0.993      0.969
                     J        124        124      0.966      0.879      0.985      0.892
                     K         93         93      0.748      0.925      0.956      0.937
                     L         94         94       0.79      0.957      0.978       0.93
                     M        113        113      0.996      0.965      0.993      0.983
                     N        115        115          1      0.988      0.995      0.995
                     O         92         92      0.919          1      0.994      0.982
                     P         89         89      0.962      0.933      0.982      0.969
                     Q        105        105      0.975      0.757      0.965      0.911
                     R         86         86      0.975      0.924       0.99      0.953
                     S         92         92      0.915      0.891      0.971       0.86
                     T        115        115          1      0.945      0.995       0.97
                     U         86         86      0.965      0.919      0.982      0.961
                     V        103        103      0.932       0.99      0.991      0.973
                     W        114        114      0.822      0.972      0.976      0.907
                     X        111        111      0.693          1      0.965       0.93
                     Y         94         94      0.958      0.968       0.99      0.975
                     Z         97         97       0.95      0.589      0.908      0.805

csv format:

Class,Images,Instances,Precision,Recall,mAP50,mAP50-95
all,2601,2601,0.914,0.932,0.976,0.94
A,102,102,0.913,0.93,0.967,0.921
B,95,95,0.938,0.979,0.985,0.953
C,95,95,0.942,0.937,0.976,0.969
D,96,96,0.966,0.99,0.994,0.961
E,104,104,0.746,0.942,0.901,0.835
F,79,79,0.987,0.948,0.993,0.967
G,97,97,0.852,0.952,0.979,0.976
H,110,110,0.877,0.982,0.978,0.965
I,100,100,0.976,0.98,0.993,0.969
J,124,124,0.966,0.879,0.985,0.892
K,93,93,0.748,0.925,0.956,0.937
L,94,94,0.79,0.957,0.978,0.93
M,113,113,0.996,0.965,0.993,0.983
N,115,115,1,0.988,0.995,0.995
O,92,92,0.919,1,0.994,0.982
P,89,89,0.962,0.933,0.982,0.969
Q,105,105,0.975,0.757,0.965,0.911
R,86,86,0.975,0.924,0.99,0.953
S,92,92,0.915,0.891,0.971,0.86
T,115,115,1,0.945,0.995,0.97
U,86,86,0.965,0.919,0.982,0.961
V,103,103,0.932,0.99,0.991,0.973
W,114,114,0.822,0.972,0.976,0.907
X,111,111,0.693,1,0.965,0.93
Y,94,94,0.958,0.968,0.99,0.975
Z,97,97,0.95,0.589,0.908,0.805


6. DGAN:
                 Class     Images  Instances      Precision      Recall      mAP50   mAP50-95
                   all       2598       2598      0.996      0.985      0.995      0.987
                     A        117        117      0.991      0.983      0.995      0.983
                     B         98         98      0.978      0.969      0.991      0.956
                     C         90         90      0.997          1      0.995      0.995
                     D        109        109      0.999          1      0.995      0.994
                     E        107        107          1      0.955      0.995      0.987
                     F         96         96          1      0.919      0.993      0.942
                     G         98         98      0.994       0.99      0.995      0.994
                     H        110        110          1       0.98      0.995      0.995
                     I         95         95          1      0.938      0.995      0.988
                     J         79         79      0.999          1      0.995      0.989
                     K        105        105          1      0.987      0.995      0.979
                     L         99         99      0.997          1      0.995      0.983
                     M         96         96          1      0.998      0.995      0.991
                     N         94         94          1          1      0.995      0.994
                     O        103        103          1      0.992      0.995      0.995
                     P         94         94      0.997          1      0.995      0.992
                     Q        107        107      0.982      0.991      0.995      0.994
                     R         96         96      0.987       0.99      0.995       0.99
                     S         89         89          1      0.939      0.995      0.986
                     T         96         96      0.998          1      0.995      0.994
                     U         95         95          1      0.992      0.995      0.992
                     V        112        112       0.99          1      0.995      0.995
                     W        104        104      0.996          1      0.995      0.995
                     X        107        107          1          1      0.995       0.99
                     Y         98         98      0.997          1      0.995      0.993
                     Z        104        104          1      0.979      0.995      0.979

csv format:

Class,Images,Instances,Precision,Recall,mAP50,mAP50-95
all,2598,2598,0.996,0.985,0.995,0.987
A,117,117,0.991,0.983,0.995,0.983
B,98,98,0.978,0.969,0.991,0.956
C,90,90,0.997,1,0.995,0.995
D,109,109,0.999,1,0.995,0.994
E,107,107,1,0.955,0.995,0.987
F,96,96,1,0.919,0.993,0.942
G,98,98,0.994,0.99,0.995,0.994
H,110,110,1,0.98,0.995,0.995
I,95,95,1,0.938,0.995,0.988
J,79,79,0.999,1,0.995,0.989
K,105,105,1,0.987,0.995,0.979
L,99,99,0.997,1,0.995,0.983
M,96,96,1,0.998,0.995,0.991
N,94,94,1,1,0.995,0.994
O,103,103,1,0.992,0.995,0.995
P,94,94,0.997,1,0.995,0.992
Q,107,107,0.982,0.991,0.995,0.994
R,96,96,0.987,0.99,0.995,0.99
S,89,89,1,0.939,0.995,0.986
T,96,96,0.998,1,0.995,0.994
U,95,95,1,0.992,0.995,0.992
V,112,112,0.99,1,0.995,0.995
W,104,104,0.996,1,0.995,0.995
X,107,107,1,1,0.995,0.99
Y,98,98,0.997,1,0.995,0.993
Z,104,104,1,0.979,0.995,0.979



